cdcol.silver_grey= [0.827,0.843,0.855]
cdcol.light_grey= [0.714,0.753,0.776]
cdcol.steel_grey= [0.490,0.545,0.553]
cdcol.grey= [0.333,0.459,0.518]
cdcol.mouse_grey= [0.216,0.482,0.576]
cdcol.dark_grey= [0.176,0.416,0.502]
cdcol.greyish_black= [0.000,0.251,0.329]
cdcol.black= [0.004,0.020,0.051]
cdcol.yellow= [0.965,0.808,0.294]
cdcol.pale_yellow= [0.937,0.929,0.608]
cdcol.olive_yellow= [0.780,0.769,0.306]
cdcol.khaki_geen= [0.937,0.929,0.608]
cdcol.light_reseda= [0.475,0.447,0.208]
cdcol.olive_grey= [0.400,0.447,0.165]
cdcol.olive_black= [0.192,0.318,0.169]
cdcol.golden_yellow= [0.918,0.678,0.337]
cdcol.naples_yellow= [1.000,0.922,0.824]
cdcol.green_ochre= [0.686,0.553,0.204]
cdcol.toledo_brown= [0.502,0.216,0.090]
cdcol.orange= [0.894,0.596,0.227]
cdcol.orangish_yellow= [0.976,0.749,0.365]
cdcol.light_ochre= [0.910,0.718,0.271]
cdcol.golden_ochre= [0.851,0.761,0.384]
cdcol.yellow_ochre= [0.898,0.694,0.278]
cdcol.ochre= [0.761,0.671,0.373]
cdcol.raw_sienna= [0.816,0.604,0.263]
cdcol.brown_ochre= [0.620,0.416,0.235]
cdcol.olive_brown= [0.525,0.451,0.247]
cdcol.reddish_orange= [0.933,0.506,0.235]
cdcol.apricot= [0.894,0.612,0.333]
cdcol.flesh= [0.941,0.800,0.663]
cdcol.brownish_orange= [0.667,0.522,0.404]
cdcol.terracotta= [0.741,0.439,0.353]
cdcol.vandycke_brown= [0.565,0.506,0.427]
cdcol.cassel_earth= [0.196,0.145,0.145]
cdcol.bistre= [0.427,0.310,0.318]
cdcol.raw_umber= [0.318,0.271,0.173]
cdcol.flame_red= [0.922,0.416,0.153]
cdcol.salmon= [0.949,0.604,0.506]
cdcol.saffron= [0.710,0.259,0.239]
cdcol.hazel= [0.875,0.486,0.169]
cdcol.cinnamon= [0.549,0.373,0.271]
cdcol.chestnut= [0.557,0.431,0.243]
cdcol.brown= [0.396,0.286,0.212]
cdcol.vermilion= [0.831,0.361,0.216]
cdcol.permanent_red= [0.816,0.271,0.204]
cdcol.venetian_red= [0.875,0.490,0.239]
cdcol.english_red= [0.796,0.396,0.239]
cdcol.medium_russet= [0.741,0.424,0.247]
cdcol.russet= [0.675,0.212,0.196]
cdcol.raw_russet= [0.710,0.306,0.227]
cdcol.mahogany= [0.655,0.302,0.231]
cdcol.herculanum_red= [0.957,0.655,0.549]
cdcol.burnt_sienna= [0.427,0.235,0.200]
cdcol.scarlet= [0.753,0.161,0.161]
cdcol.scarlet_metallic= [0.631,0.349,0.431]
cdcol.salmon_pink= [0.949,0.612,0.600]
cdcol.indian_red= [0.820,0.000,0.180]
cdcol.burnt_ochre= [0.647,0.392,0.227]
cdcol.carmine= [0.753,0.004,0.133]
cdcol.pink= [0.922,0.427,0.510]
cdcol.pink_metallic= [0.576,0.443,0.537]
cdcol.rose_pink= [0.918,0.427,0.553]
cdcol.ultamarine_pink= [0.847,0.663,0.776]
cdcol.bordeaux_red= [0.596,0.000,0.227]
cdcol.dark_carmine= [0.494,0.251,0.322]
cdcol.magenta= [0.710,0.000,0.486]
cdcol.purple= [0.710,0.000,0.486]
cdcol.light_purple= [0.831,0.000,0.451]
cdcol.violet_grey= [0.686,0.624,0.678]
cdcol.light_auberne= [0.455,0.329,0.416]
cdcol.aubergine= [0.427,0.247,0.431]
cdcol.purple_violet= [0.431,0.098,0.373]
cdcol.light_purple_violet= [0.659,0.541,0.686]
cdcol.plum= [0.365,0.216,0.314]
cdcol.dark_plum= [0.251,0.118,0.161]
cdcol.brown_madder_lake= [0.310,0.192,0.161]
cdcol.lilac= [0.247,0.157,0.443]
cdcol.mauve= [0.486,0.365,0.627]
cdcol.manganese_violet= [0.635,0.549,0.678]
cdcol.violet= [0.227,0.169,0.490]
cdcol.violet_metallic= [0.278,0.380,0.545]
cdcol.violet_brown= [0.392,0.294,0.490]
cdcol.royal_blue= [0.000,0.200,0.510]
cdcol.periwinkle_blue= [0.388,0.357,0.604]
cdcol.indigo_blue= [0.000,0.192,0.361]
cdcol.ultramarine= [0.000,0.341,0.616]
cdcol.sky_blue= [0.471,0.576,0.824]
cdcol.bluish_grey= [0.000,0.373,0.608]
cdcol.night_blue= [0.051,0.157,0.329]
cdcol.sapphire_blue= [0.000,0.384,0.651]
cdcol.pastel_blue= [0.000,0.600,0.776]
cdcol.blue_jeans= [0.000,0.549,0.753]
cdcol.prussian_blue= [0.141,0.275,0.525]
cdcol.cobalt_blue= [0.000,0.498,0.675]
cdcol.light_blue= [0.486,0.745,0.894]
cdcol.phtalocyanine_blue= [0.173,0.392,0.659]
cdcol.phtalocyanine_blue_metallic= [0.192,0.576,0.659]
cdcol.marine_blue= [0.000,0.286,0.522]
cdcol.azurite_blue= [0.000,0.580,0.792]
cdcol.cyan= [0.000,0.580,0.792]
cdcol.turquoise_blue= [0.482,0.698,0.859]
cdcol.malachite_green= [0.204,0.439,0.471]
cdcol.light_malachite_green= [0.612,0.784,0.710]
cdcol.cobalt_green= [0.471,0.702,0.522]
cdcol.ice_blue= [0.169,0.380,0.565]
cdcol.greenish_blue= [0.000,0.553,0.478]
cdcol.turquoise_green= [0.227,0.714,0.722]
cdcol.opaline_green= [0.000,0.573,0.671]
cdcol.bluish_green= [0.000,0.431,0.200]
cdcol.veronese_green= [0.000,0.608,0.353]
cdcol.emerald_green= [0.322,0.549,0.235]
cdcol.jade_green= [0.435,0.741,0.584]
cdcol.chromium_oxyde_green= [0.322,0.443,0.212]
cdcol.beryl_green= [0.278,0.584,0.518]
cdcol.greyish_green= [0.000,0.616,0.424]
cdcol.grass_green= [0.282,0.592,0.314]
cdcol.light_green= [0.867,0.875,0.408]
cdcol.moss_green= [0.322,0.467,0.216]
cdcol.dark_green= [0.302,0.380,0.173]
cdcol.yellow_green= [0.643,0.769,0.000]
cdcol.lime_green= [0.867,0.871,0.298]
cdcol.middle_moss_green_10= [0.702,0.776,0.008]
cdcol.middle_moss_green_30= [0.208,0.576,0.212]
cdcol.spruce_green= [0.004,0.502,0.212]
cdcol.lemon_yellow= [0.965,0.902,0.298]
cdcol.light_lemon_yellow= [0.973,0.965,0.780]
cdcol.primerose= [0.996,0.984,0.871]
cdcol.light_olive_20= [0.710,0.788,0.369]
cdcol.light_olive= [0.561,0.620,0.267]
cdcol.light_olive_40= [0.545,0.624,0.196]
cdcol.olive= [0.494,0.467,0.204]
cdcol.canary_yellow= [0.643,0.141,0.416]
cdcol.blue= [0.000,0.357,0.604]
cdcol.raspberry_red= [0.906,0.322,0.420]
cdcol.ruby_red= [0.898,0.200,0.341]
cdcol.empire_green= [0.004,0.573,0.353]
cdcol.fast_orange= [0.969,0.663,0.141]
cdcol.purplish_red= [0.643,0.141,0.416]
cdcol.gentian_blue= [0.000,0.431,0.671]
cdcol.bluish_pale= [0.831,0.933,0.980]
cdcol.ash_grey= [0.859,0.882,0.792]
cdcol.light_beige= [0.929,0.922,0.867]
cdcol.beige= [0.780,0.761,0.702]
cdcol.brownish_beige= [0.639,0.525,0.427]
cdcol.cocoa= [0.608,0.569,0.518]
cdcol.sepia= [0.439,0.349,0.267]
cdcol.dark_sepia= [0.263,0.184,0.196]
cdcol.charcoal_grey= [0.243,0.180,0.212]
cdcol.peacock_green= [0.000,0.569,0.286]
cdcol.spring_green= [0.714,0.776,0.243]
cdcol.cream= [1.000,0.992,0.929]
cdcol.granite_rose= [0.973,0.773,0.682]
cdcol.slate_grey= [0.220,0.231,0.247]
cdcol.ivory_black= [0.000,0.000,0.000]
cdcol.bronze= [0.584,0.380,0.376]
cdcol.silver= [0.784,0.804,0.816]
cdcol.gold= [0.765,0.635,0.306]
cdcol.paynes_grey_30= [0.612,0.616,0.616]
cdcol.paynes_grey_30= [0.612,0.616,0.616]
cdcol.paynes_grey_50= [0.306,0.416,0.486]
cdcol.paynes_grey_60= [0.333,0.369,0.412]
cdcol.paynes_grey= [0.224,0.227,0.255]
cdcol.light_cadmium_yellow_imit= [1.000,0.867,0.000]
cdcol.sahara_yellow= [1.000,0.906,0.675]
cdcol.gold_cadmium_yellow= [0.969,0.659,0.000]
cdcol.light_flesh_5= [1.000,0.929,0.800]
cdcol.light_flesh_10= [0.988,0.835,0.600]
cdcol.raw_umber= [0.475,0.357,0.267]
cdcol.umber= [0.502,0.349,0.149]
cdcol.light_cadmium_red= [0.894,0.094,0.247]
cdcol.light_cadmium_red_hue= [0.894,0.208,0.149]
cdcol.anthraquinoid_pink= [0.871,0.537,0.514]
cdcol.carmine_lake= [0.596,0.180,0.196]
cdcol.pink_white= [0.996,0.941,0.898]
cdcol.portrait_pink= [0.918,0.431,0.533]
cdcol.violet_pink= [0.835,0.506,0.549]
cdcol.perylene_brown= [0.522,0.173,0.161]
cdcol.crimson_alizarin_hue= [0.584,0.165,0.220]
cdcol.crimson_auberne= [0.455,0.173,0.220]
cdcol.cobalt_violet_imit= [0.067,0.137,0.447]
cdcol.ultramarine_violet= [0.718,0.647,0.784]
cdcol.light_ultramarine_violet= [0.773,0.729,0.851]
cdcol.dark_ultramarine= [0.000,0.227,0.502]
cdcol.middle_cobalt_blue= [0.000,0.365,0.659]
cdcol.middle_cobalt_blue_hue= [0.184,0.416,0.678]
cdcol.cobalt_blue_5= [0.741,0.863,0.945]
cdcol.light_cobalt_blue= [0.722,0.816,0.914]
cdcol.light_cobalt_blue_hue= [0.741,0.863,0.945]
cdcol.cobalt_blue_10= [0.663,0.831,0.933]
cdcol.genuine_cobalt_blue= [0.478,0.647,0.820]
cdcol.cobalt_blue_30= [0.384,0.678,0.859]
cdcol.permanent_blue= [0.004,0.459,0.690]
cdcol.phthalocyanine_green= [0.000,0.435,0.255]
cdcol.earth_green= [0.808,0.851,0.788]
cdcol.verdigris= [0.725,0.843,0.745]
cdcol.middle_phthalocyanine_green= [0.153,0.341,0.267]
cdcol.dark_phthalocyanine_green= [0.224,0.298,0.243]
cdcol.bright_green= [0.471,0.718,0.243]
cdcol.dark_english_green= [0.275,0.576,0.498]
